date,Cash,Salary,Rent,WaterBill,PowerBill,PhoneBill,Food,Commute,Tobacco,Snacks,Party,daily_total,cumulative_total
2020-11-01,200.00,0.00,0.00,0.00,0.00,0.00,-15.00,0.00,-15.00,-10.00,0.00,160.00,160.00
2020-11-02,0.00,0.00,0.00,0.00,0.00,0.00,-15.00,-5.00,0.00,0.00,0.00,-20.00,140.00
2020-11-03,0.00,1300.00,0.00,0.00,0.00,0.00,-15.00,-5.00,0.00,0.00,0.00,1280.00,1420.00
2020-11-04,0.00,0.00,0.00,0.00,0.00,0.00,-15.00,-5.00,0.00,-10.00,0.00,-30.00,1390.00
2020-11-05,0.00,0.00,0.00,0.00,0.00,0.00,-15.00,-5.00,0.00,0.00,0.00,-20.00,1370.00
2020-11-06,0.00,0.00,0.00,0.00,0.00,-25.00,-15.00,-5.00,0.00,0.00,0.00,-45.00,1325.00
2020-11-07,0.00,0.00,0.00,0.00,-60.00,0.00,-15.00,0.00,0.00,-10.00,0.00,-85.00,1240.00
2020-11-08,0.00,0.00,0.00,-30.00,0.00,0.00,-15.00,0.00,-15.00,0.00,0.00,-60.00,1180.00
2020-11-09,0.00,0.00,0.00,0.00,0.00,0.00,-15.00,-5.00,0.00,0.00,0.00,-20.00,1160.00
2020-11-10,0.00,0.00,0.00,0.00,0.00,0.00,-15.00,-5.00,0.00,-10.00,0.00,-30.00,1130.00
2020-11-11,0.00,0.00,0.00,0.00,0.00,0.00,-15.00,-5.00,0.00,0.00,0.00,-20.00,1110.00
2020-11-12,0.00,0.00,0.00,0.00,0.00,0.00,-15.00,-5.00,0.00,0.00,0.00,-20.00,1090.00
2020-11-13,0.00,0.00,0.00,0.00,0.00,0.00,-15.00,-5.00,0.00,-10.00,-20.00,-50.00,1040.00
2020-11-14,0.00,0.00,0.00,0.00,0.00,0.00,-15.00,0.00,0.00,0.00,-20.00,-35.00,1005.00
2020-11-15,0.00,0.00,-450.00,0.00,0.00,0.00,-15.00,0.00,-15.00,0.00,0.00,-480.00,525.00
2020-11-16,0.00,0.00,0.00,0.00,0.00,0.00,-15.00,-5.00,0.00,-10.00,0.00,-30.00,495.00
2020-11-17,0.00,0.00,0.00,0.00,0.00,0.00,-15.00,-5.00,0.00,0.00,0.00,-20.00,475.00
2020-11-18,0.00,0.00,0.00,0.00,0.00,0.00,-15.00,-5.00,0.00,0.00,0.00,-20.00,455.00
2020-11-19,0.00,0.00,0.00,0.00,0.00,0.00,-15.00,-5.00,0.00,-10.00,0.00,-30.00,425.00
2020-11-20,0.00,0.00,0.00,0.00,0.00,0.00,-15.00,-5.00,0.00,0.00,0.00,-20.00,405.00
2020-11-21,0.00,0.00,0.00,0.00,0.00,0.00,-15.00,0.00,0.00,0.00,0.00,-15.00,390.00
2020-11-22,0.00,0.00,0.00,0.00,0.00,0.00,-15.00,0.00,-15.00,-10.00,0.00,-40.00,350.00
2020-11-23,0.00,0.00,0.00,0.00,0.00,0.00,-15.00,-5.00,0.00,0.00,0.00,-20.00,330.00
2020-11-24,0.00,0.00,0.00,0.00,0.00,0.00,-15.00,-5.00,0.00,0.00,0.00,-20.00,310.00
2020-11-25,0.00,0.00,0.00,0.00,0.00,0.00,-15.00,-5.00,0.00,-10.00,0.00,-30.00,280.00
2020-11-26,0.00,0.00,0.00,0.00,0.00,0.00,-15.00,-5.00,0.00,0.00,0.00,-20.00,260.00
2020-11-27,0.00,0.00,0.00,0.00,0.00,0.00,-15.00,-5.00,0.00,0.00,-20.00,-40.00,220.00
2020-11-28,0.00,0.00,0.00,0.00,0.00,0.00,-15.00,0.00,0.00,-10.00,-20.00,-45.00,175.00
2020-11-29,0.00,0.00,0.00,0.00,0.00,0.00,-15.00,0.00,-15.00,0.00,0.00,-30.00,145.00
2020-11-30,0.00,0.00,0.00,0.00,0.00,0.00,-15.00,-5.00,0.00,0.00,0.00,-20.00,125.00
2020-12-01,0.00,0.00,0.00,0.00,0.00,0.00,-15.00,-5.00,0.00,-10.00,0.00,-30.00,95.00
2020-12-02,0.00,0.00,0.00,0.00,0.00,0.00,-15.00,-5.00,0.00,0.00,0.00,-20.00,75.00
2020-12-03,0.00,1300.00,0.00,0.00,0.00,0.00,-15.00,-5.00,0.00,0.00,0.00,1280.00,1355.00
2020-12-04,0.00,0.00,0.00,0.00,0.00,0.00,-15.00,-5.00,0.00,-10.00,0.00,-30.00,1325.00
2020-12-05,0.00,0.00,0.00,0.00,0.00,0.00,-15.00,0.00,0.00,0.00,0.00,-15.00,1310.00
2020-12-06,0.00,0.00,0.00,0.00,0.00,-25.00,-15.00,0.00,-15.00,0.00,0.00,-55.00,1255.00
2020-12-07,0.00,0.00,0.00,0.00,-60.00,0.00,-15.00,-5.00,0.00,-10.00,0.00,-90.00,1165.00
2020-12-08,0.00,0.00,0.00,-30.00,0.00,0.00,-15.00,-5.00,0.00,0.00,0.00,-50.00,1115.00
2020-12-09,0.00,0.00,0.00,0.00,0.00,0.00,-15.00,-5.00,0.00,0.00,0.00,-20.00,1095.00
2020-12-10,0.00,0.00,0.00,0.00,0.00,0.00,-15.00,-5.00,0.00,-10.00,0.00,-30.00,1065.00
2020-12-11,0.00,0.00,0.00,0.00,0.00,0.00,-15.00,-5.00,0.00,0.00,-20.00,-40.00,1025.00
2020-12-12,0.00,0.00,0.00,0.00,0.00,0.00,-15.00,0.00,0.00,0.00,-20.00,-35.00,990.00
2020-12-13,0.00,0.00,0.00,0.00,0.00,0.00,-15.00,0.00,-15.00,-10.00,0.00,-40.00,950.00
2020-12-14,0.00,0.00,0.00,0.00,0.00,0.00,-15.00,-5.00,0.00,0.00,0.00,-20.00,930.00
2020-12-15,0.00,0.00,-450.00,0.00,0.00,0.00,-15.00,-5.00,0.00,0.00,0.00,-470.00,460.00
2020-12-16,0.00,0.00,0.00,0.00,0.00,0.00,-15.00,-5.00,0.00,-10.00,0.00,-30.00,430.00
2020-12-17,0.00,0.00,0.00,0.00,0.00,0.00,-15.00,-5.00,0.00,0.00,0.00,-20.00,410.00
2020-12-18,0.00,0.00,0.00,0.00,0.00,0.00,-15.00,-5.00,0.00,0.00,0.00,-20.00,390.00
2020-12-19,0.00,0.00,0.00,0.00,0.00,0.00,-15.00,0.00,0.00,-10.00,0.00,-25.00,365.00
2020-12-20,0.00,0.00,0.00,0.00,0.00,0.00,-15.00,0.00,-15.00,0.00,0.00,-30.00,335.00
2020-12-21,0.00,0.00,0.00,0.00,0.00,0.00,-15.00,-5.00,0.00,0.00,0.00,-20.00,315.00
2020-12-22,0.00,0.00,0.00,0.00,0.00,0.00,-15.00,-5.00,0.00,-10.00,0.00,-30.00,285.00
2020-12-23,0.00,0.00,0.00,0.00,0.00,0.00,-15.00,-5.00,0.00,0.00,0.00,-20.00,265.00
2020-12-24,0.00,0.00,0.00,0.00,0.00,0.00,-15.00,-5.00,0.00,0.00,0.00,-20.00,245.00
2020-12-25,0.00,0.00,0.00,0.00,0.00,0.00,-15.00,-5.00,0.00,-10.00,-20.00,-50.00,195.00
2020-12-26,0.00,0.00,0.00,0.00,0.00,0.00,-15.00,0.00,0.00,0.00,-20.00,-35.00,160.00
2020-12-27,0.00,0.00,0.00,0.00,0.00,0.00,-15.00,0.00,-15.00,0.00,0.00,-30.00,130.00
2020-12-28,0.00,0.00,0.00,0.00,0.00,0.00,-15.00,-5.00,0.00,-10.00,0.00,-30.00,100.00
2020-12-29,0.00,0.00,0.00,0.00,0.00,0.00,-15.00,-5.00,0.00,0.00,0.00,-20.00,80.00
2020-12-30,0.00,0.00,0.00,0.00,0.00,0.00,-15.00,-5.00,0.00,0.00,0.00,-20.00,60.00
2020-12-31,0.00,0.00,0.00,0.00,0.00,0.00,-15.00,-5.00,0.00,-10.00,0.00,-30.00,30.00
